r:
3 2 3
3 2 3
3 4 3
4 4 4
1 4 4 4
3 15
4 3 7 3
6 6 8
4 11 5
1 3 1 1 1 1 2 3
4 2 10 2 6
27
7 1 6
3 2 3 3
2 1 3 2
2 5 6
2 3 2 2
1 1 7 8
1 2 2 3 3 4
1 2 2 3 2 2
2 2 2 2 5
2 2 1 1 2 3
2 2 3 3 5
2 2 2 1 3 1
8 1 2 1 4
3 2 2 2 2 1
1 1 2 8 2 2
2 1 2 6 4 2
3 2 2 6 3 2
3 2 3 1 10
c:
2 1 5 1 2
2 1 5 3
2 2 4 3
2 2 3
3 3 4 2 2
1 18 3
2 2 6 3
4 2 4 4 3 1
4 2 4 6 8
5 1 2 3 3 3
4 5 3 1
2 1 2 1 1 2 3 1
1 5 1 1 2 3
1 2 2 1 2 2
4 5 1 1 3
6 2 4 1 1 3
6 5 2 8 3
4 2 2 1 4 4
2 4 2 3 4 2
2 1 3 3 3 3
2 2 2 3 9 1
4 5 1 4 1 6
6 9 5 3
7 12 3 2
3 7 4 2 1
3 5 3
3 2 2 2
2 2 1 1
1 2 1
1 1